0.500000	0.200000
0.333333	0.083333
0.666667	0.083333
0.250000	0.166667
0.750000	0.166667
0.200000	0.050000
0.400000	0.050000
0.600000	0.050000
0.800000	0.050000
0.166667	0.066667
0.833333	0.066667
0.142857	0.035714
0.285714	0.035714
0.428571	0.035714
0.571429	0.035714
0.714286	0.035714
0.857143	0.035714
0.125000	0.142857
0.375000	0.142857
0.625000	0.142857
0.875000	0.142857
0.111111	0.027778
0.222222	0.027778
0.444444	0.027778
0.555556	0.027778
0.777778	0.027778
0.888889	0.027778
0.100000	0.040000
0.300000	0.040000
0.700000	0.040000
0.900000	0.040000
0.090909	0.022727
0.181818	0.022727
0.272727	0.022727
0.363636	0.022727
0.454545	0.022727
0.545455	0.022727
0.636364	0.022727
0.727273	0.022727
0.818182	0.022727
0.909091	0.022727
0.083333	0.055556
0.416667	0.055556
0.583333	0.055556
0.916667	0.055556
0.076923	0.019231
0.153846	0.019231
0.230769	0.019231
0.307692	0.019231
0.384615	0.019231
0.461538	0.019231
0.538462	0.019231
0.615385	0.019231
0.692308	0.019231
0.769231	0.019231
0.846154	0.019231
0.923077	0.019231
0.071429	0.028571
0.214286	0.028571
0.357143	0.028571
0.642857	0.028571
0.785714	0.028571
0.928571	0.028571
0.066667	0.016667
0.133333	0.016667
0.266667	0.016667
0.466667	0.016667
0.533333	0.016667
0.733333	0.016667
0.866667	0.016667
0.933333	0.016667
0.062500	0.071429
0.187500	0.071429
0.312500	0.071429
0.437500	0.071429
0.562500	0.071429
0.687500	0.071429
0.812500	0.071429
0.937500	0.071429
0.058824	0.014706
0.117647	0.014706
0.176471	0.014706
0.235294	0.014706
0.294118	0.014706
0.352941	0.014706
0.411765	0.014706
0.470588	0.014706
0.529412	0.014706
0.588235	0.014706
0.647059	0.014706
0.705882	0.014706
0.764706	0.014706
0.823529	0.014706
0.882353	0.014706
0.941176	0.014706
0.055556	0.022222
0.277778	0.022222
0.388889	0.022222
0.611111	0.022222
0.722222	0.022222
0.944444	0.022222
0.052632	0.013158
0.105263	0.013158
0.157895	0.013158
0.210526	0.013158
0.263158	0.013158
0.315789	0.013158
0.368421	0.013158
0.421053	0.013158
0.473684	0.013158
0.526316	0.013158
0.578947	0.013158
0.631579	0.013158
0.684211	0.013158
0.736842	0.013158
0.789474	0.013158
0.842105	0.013158
0.894737	0.013158
0.947368	0.013158
0.050000	0.033333
0.150000	0.033333
0.350000	0.033333
0.450000	0.033333
0.550000	0.033333
0.650000	0.033333
0.850000	0.033333
0.950000	0.033333
0.047619	0.011905
0.095238	0.011905
0.190476	0.011905
0.238095	0.011905
0.380952	0.011905
0.476190	0.011905
0.523810	0.011905
0.619048	0.011905
0.761905	0.011905
0.809524	0.011905
0.904762	0.011905
0.952381	0.011905
0.045455	0.018182
0.136364	0.018182
0.227273	0.018182
0.318182	0.018182
0.409091	0.018182
0.590909	0.018182
0.681818	0.018182
0.772727	0.018182
0.863636	0.018182
0.954545	0.018182
0.043478	0.010870
0.086957	0.010870
0.130435	0.010870
0.173913	0.010870
0.217391	0.010870
0.260870	0.010870
0.304348	0.010870
0.347826	0.010870
0.391304	0.010870
0.434783	0.010870
0.478261	0.010870
0.521739	0.010870
0.565217	0.010870
0.608696	0.010870
0.652174	0.010870
0.695652	0.010870
0.739130	0.010870
0.782609	0.010870
0.826087	0.010870
0.869565	0.010870
0.913043	0.010870
0.956522	0.010870
0.041667	0.047619
0.208333	0.047619
0.291667	0.047619
0.458333	0.047619
0.541667	0.047619
0.708333	0.047619
0.791667	0.047619
0.958333	0.047619
0.040000	0.010000
0.080000	0.010000
0.120000	0.010000
0.160000	0.010000
0.240000	0.010000
0.280000	0.010000
0.320000	0.010000
0.360000	0.010000
0.440000	0.010000
0.480000	0.010000
0.520000	0.010000
0.560000	0.010000
0.640000	0.010000
0.680000	0.010000
0.720000	0.010000
0.760000	0.010000
0.840000	0.010000
0.880000	0.010000
0.920000	0.010000
0.960000	0.010000
0.038462	0.015385
0.115385	0.015385
0.192308	0.015385
0.269231	0.015385
0.346154	0.015385
0.423077	0.015385
0.576923	0.015385
0.653846	0.015385
0.730769	0.015385
0.807692	0.015385
0.884615	0.015385
0.961538	0.015385
0.037037	0.009259
0.074074	0.009259
0.148148	0.009259
0.185185	0.009259
0.259259	0.009259
0.296296	0.009259
0.370370	0.009259
0.407407	0.009259
0.481481	0.009259
0.518519	0.009259
0.592593	0.009259
0.629630	0.009259
0.703704	0.009259
0.740741	0.009259
0.814815	0.009259
0.851852	0.009259
0.925926	0.009259
0.962963	0.009259
0.035714	0.023810
0.107143	0.023810
0.178571	0.023810
0.321429	0.023810
0.392857	0.023810
0.464286	0.023810
0.535714	0.023810
0.607143	0.023810
0.678571	0.023810
0.821429	0.023810
0.892857	0.023810
0.964286	0.023810
0.034483	0.008621
0.068966	0.008621
0.103448	0.008621
0.137931	0.008621
0.172414	0.008621
0.206897	0.008621
0.241379	0.008621
0.275862	0.008621
0.310345	0.008621
0.344828	0.008621
0.379310	0.008621
0.413793	0.008621
0.448276	0.008621
0.482759	0.008621
0.517241	0.008621
0.551724	0.008621
0.586207	0.008621
0.620690	0.008621
0.655172	0.008621
0.689655	0.008621
0.724138	0.008621
0.758621	0.008621
0.793103	0.008621
0.827586	0.008621
0.862069	0.008621
0.896552	0.008621
0.931034	0.008621
0.965517	0.008621
0.033333	0.013333
0.233333	0.013333
0.366667	0.013333
0.433333	0.013333
0.566667	0.013333
0.633333	0.013333
0.766667	0.013333
0.966667	0.013333
0.032258	0.008065
0.064516	0.008065
0.096774	0.008065
0.129032	0.008065
0.161290	0.008065
0.193548	0.008065
0.225806	0.008065
0.258065	0.008065
0.290323	0.008065
0.322581	0.008065
0.354839	0.008065
0.387097	0.008065
0.419355	0.008065
0.451613	0.008065
0.483871	0.008065
0.516129	0.008065
0.548387	0.008065
0.580645	0.008065
0.612903	0.008065
0.645161	0.008065
0.677419	0.008065
0.709677	0.008065
0.741935	0.008065
0.774194	0.008065
0.806452	0.008065
0.838710	0.008065
0.870968	0.008065
0.903226	0.008065
0.935484	0.008065
0.967742	0.008065
0.031250	0.035714
0.093750	0.035714
0.156250	0.035714
0.218750	0.035714
0.281250	0.035714
0.343750	0.035714
0.406250	0.035714
0.468750	0.035714
0.531250	0.035714
0.593750	0.035714
0.656250	0.035714
0.718750	0.035714
0.781250	0.035714
0.843750	0.035714
0.906250	0.035714
0.968750	0.035714
0.030303	0.007576
0.060606	0.007576
0.121212	0.007576
0.151515	0.007576
0.212121	0.007576
0.242424	0.007576
0.303030	0.007576
0.393939	0.007576
0.424242	0.007576
0.484848	0.007576
0.515152	0.007576
0.575758	0.007576
0.606061	0.007576
0.696970	0.007576
0.757576	0.007576
0.787879	0.007576
0.848485	0.007576
0.878788	0.007576
0.939394	0.007576
0.969697	0.007576
0.029412	0.011765
0.088235	0.011765
0.147059	0.011765
0.205882	0.011765
0.264706	0.011765
0.323529	0.011765
0.382353	0.011765
0.441176	0.011765
0.558824	0.011765
0.617647	0.011765
0.676471	0.011765
0.735294	0.011765
0.794118	0.011765
0.852941	0.011765
0.911765	0.011765
0.970588	0.011765
0.028571	0.007143
0.057143	0.007143
0.085714	0.007143
0.114286	0.007143
0.171429	0.007143
0.228571	0.007143
0.257143	0.007143
0.314286	0.007143
0.342857	0.007143
0.371429	0.007143
0.457143	0.007143
0.485714	0.007143
0.514286	0.007143
0.542857	0.007143
0.628571	0.007143
0.657143	0.007143
0.685714	0.007143
0.742857	0.007143
0.771429	0.007143
0.828571	0.007143
0.885714	0.007143
0.914286	0.007143
0.942857	0.007143
0.971429	0.007143
0.027778	0.018519
0.138889	0.018519
0.194444	0.018519
0.305556	0.018519
0.361111	0.018519
0.472222	0.018519
0.527778	0.018519
0.638889	0.018519
0.694444	0.018519
0.805556	0.018519
0.861111	0.018519
0.972222	0.018519
0.027027	0.006757
0.054054	0.006757
0.081081	0.006757
0.108108	0.006757
0.135135	0.006757
0.162162	0.006757
0.189189	0.006757
0.216216	0.006757
0.243243	0.006757
0.270270	0.006757
0.297297	0.006757
0.324324	0.006757
0.351351	0.006757
0.378378	0.006757
0.405405	0.006757
0.432432	0.006757
0.459459	0.006757
0.486486	0.006757
0.513514	0.006757
0.540541	0.006757
0.567568	0.006757
0.594595	0.006757
0.621622	0.006757
0.648649	0.006757
0.675676	0.006757
0.702703	0.006757
0.729730	0.006757
0.756757	0.006757
0.783784	0.006757
0.810811	0.006757
0.837838	0.006757
0.864865	0.006757
0.891892	0.006757
0.918919	0.006757
0.945946	0.006757
0.972973	0.006757
0.026316	0.010526
0.078947	0.010526
0.131579	0.010526
0.184211	0.010526
0.236842	0.010526
0.289474	0.010526
0.342105	0.010526
0.394737	0.010526
0.447368	0.010526
0.552632	0.010526
0.605263	0.010526
0.657895	0.010526
0.710526	0.010526
0.763158	0.010526
0.815789	0.010526
0.868421	0.010526
0.921053	0.010526
0.973684	0.010526
0.025641	0.006410
0.051282	0.006410
0.102564	0.006410
0.128205	0.006410
0.179487	0.006410
0.205128	0.006410
0.256410	0.006410
0.282051	0.006410
0.358974	0.006410
0.410256	0.006410
0.435897	0.006410
0.487179	0.006410
0.512821	0.006410
0.564103	0.006410
0.589744	0.006410
0.641026	0.006410
0.717949	0.006410
0.743590	0.006410
0.794872	0.006410
0.820513	0.006410
0.871795	0.006410
0.897436	0.006410
0.948718	0.006410
0.974359	0.006410
0.025000	0.028571
0.075000	0.028571
0.175000	0.028571
0.225000	0.028571
0.275000	0.028571
0.325000	0.028571
0.425000	0.028571
0.475000	0.028571
0.525000	0.028571
0.575000	0.028571
0.675000	0.028571
0.725000	0.028571
0.775000	0.028571
0.825000	0.028571
0.925000	0.028571
0.975000	0.028571
0.024390	0.006098
0.048780	0.006098
0.073171	0.006098
0.097561	0.006098
0.121951	0.006098
0.146341	0.006098
0.170732	0.006098
0.195122	0.006098
0.219512	0.006098
0.243902	0.006098
0.268293	0.006098
0.292683	0.006098
0.317073	0.006098
0.341463	0.006098
0.365854	0.006098
0.390244	0.006098
0.414634	0.006098
0.439024	0.006098
0.463415	0.006098
0.487805	0.006098
0.512195	0.006098
0.536585	0.006098
0.560976	0.006098
0.585366	0.006098
0.609756	0.006098
0.634146	0.006098
0.658537	0.006098
0.682927	0.006098
0.707317	0.006098
0.731707	0.006098
0.756098	0.006098
0.780488	0.006098
0.804878	0.006098
0.829268	0.006098
0.853659	0.006098
0.878049	0.006098
0.902439	0.006098
0.926829	0.006098
0.951220	0.006098
0.975610	0.006098
0.023810	0.009524
0.119048	0.009524
0.261905	0.009524
0.309524	0.009524
0.404762	0.009524
0.452381	0.009524
0.547619	0.009524
0.595238	0.009524
0.690476	0.009524
0.738095	0.009524
0.880952	0.009524
0.976190	0.009524
0.023256	0.005814
0.046512	0.005814
0.069767	0.005814
0.093023	0.005814
0.116279	0.005814
0.139535	0.005814
0.162791	0.005814
0.186047	0.005814
0.209302	0.005814
0.232558	0.005814
0.255814	0.005814
0.279070	0.005814
0.302326	0.005814
0.325581	0.005814
0.348837	0.005814
0.372093	0.005814
0.395349	0.005814
0.418605	0.005814
0.441860	0.005814
0.465116	0.005814
0.488372	0.005814
0.511628	0.005814
0.534884	0.005814
0.558140	0.005814
0.581395	0.005814
0.604651	0.005814
0.627907	0.005814
0.651163	0.005814
0.674419	0.005814
0.697674	0.005814
0.720930	0.005814
0.744186	0.005814
0.767442	0.005814
0.790698	0.005814
0.813953	0.005814
0.837209	0.005814
0.860465	0.005814
0.883721	0.005814
0.906977	0.005814
0.930233	0.005814
0.953488	0.005814
0.976744	0.005814
0.022727	0.015152
0.068182	0.015152
0.113636	0.015152
0.159091	0.015152
0.204545	0.015152
0.295455	0.015152
0.340909	0.015152
0.386364	0.015152
0.431818	0.015152
0.477273	0.015152
0.522727	0.015152
0.568182	0.015152
0.613636	0.015152
0.659091	0.015152
0.704545	0.015152
0.795455	0.015152
0.840909	0.015152
0.886364	0.015152
0.931818	0.015152
0.977273	0.015152
0.022222	0.005556
0.044444	0.005556
0.088889	0.005556
0.155556	0.005556
0.177778	0.005556
0.244444	0.005556
0.288889	0.005556
0.311111	0.005556
0.355556	0.005556
0.377778	0.005556
0.422222	0.005556
0.488889	0.005556
0.511111	0.005556
0.577778	0.005556
0.622222	0.005556
0.644444	0.005556
0.688889	0.005556
0.711111	0.005556
0.755556	0.005556
0.822222	0.005556
0.844444	0.005556
0.911111	0.005556
0.955556	0.005556
0.977778	0.005556
0.021739	0.008696
0.065217	0.008696
0.108696	0.008696
0.152174	0.008696
0.195652	0.008696
0.239130	0.008696
0.282609	0.008696
0.326087	0.008696
0.369565	0.008696
0.413043	0.008696
0.456522	0.008696
0.543478	0.008696
0.586957	0.008696
0.630435	0.008696
0.673913	0.008696
0.717391	0.008696
0.760870	0.008696
0.804348	0.008696
0.847826	0.008696
0.891304	0.008696
0.934783	0.008696
0.978261	0.008696
0.021277	0.005319
0.042553	0.005319
0.063830	0.005319
0.085106	0.005319
0.106383	0.005319
0.127660	0.005319
0.148936	0.005319
0.170213	0.005319
0.191489	0.005319
0.212766	0.005319
0.234043	0.005319
0.255319	0.005319
0.276596	0.005319
0.297872	0.005319
0.319149	0.005319
0.340426	0.005319
0.361702	0.005319
0.382979	0.005319
0.404255	0.005319
0.425532	0.005319
0.446809	0.005319
0.468085	0.005319
0.489362	0.005319
0.510638	0.005319
0.531915	0.005319
0.553191	0.005319
0.574468	0.005319
0.595745	0.005319
0.617021	0.005319
0.638298	0.005319
0.659574	0.005319
0.680851	0.005319
0.702128	0.005319
0.723404	0.005319
0.744681	0.005319
0.765957	0.005319
0.787234	0.005319
0.808511	0.005319
0.829787	0.005319
0.851064	0.005319
0.872340	0.005319
0.893617	0.005319
0.914894	0.005319
0.936170	0.005319
0.957447	0.005319
0.978723	0.005319
0.020833	0.023810
0.104167	0.023810
0.145833	0.023810
0.229167	0.023810
0.270833	0.023810
0.354167	0.023810
0.395833	0.023810
0.479167	0.023810
0.520833	0.023810
0.604167	0.023810
0.645833	0.023810
0.729167	0.023810
0.770833	0.023810
0.854167	0.023810
0.895833	0.023810
0.979167	0.023810
0.020408	0.005102
0.040816	0.005102
0.061224	0.005102
0.081633	0.005102
0.102041	0.005102
0.122449	0.005102
0.163265	0.005102
0.183673	0.005102
0.204082	0.005102
0.224490	0.005102
0.244898	0.005102
0.265306	0.005102
0.306122	0.005102
0.326531	0.005102
0.346939	0.005102
0.367347	0.005102
0.387755	0.005102
0.408163	0.005102
0.448980	0.005102
0.469388	0.005102
0.489796	0.005102
0.510204	0.005102
0.530612	0.005102
0.551020	0.005102
0.591837	0.005102
0.612245	0.005102
0.632653	0.005102
0.653061	0.005102
0.673469	0.005102
0.693878	0.005102
0.734694	0.005102
0.755102	0.005102
0.775510	0.005102
0.795918	0.005102
0.816327	0.005102
0.836735	0.005102
0.877551	0.005102
0.897959	0.005102
0.918367	0.005102
0.938776	0.005102
0.959184	0.005102
0.979592	0.005102
