0.500000	0.166667
0.333333	0.111111
0.666667	0.111111
0.250000	0.083333
0.750000	0.083333
0.200000	0.066667
0.400000	0.066667
0.600000	0.066667
0.800000	0.066667
0.166667	0.055556
0.833333	0.055556
0.142857	0.125000
0.285714	0.125000
0.428571	0.125000
0.571429	0.125000
0.714286	0.125000
0.857143	0.125000
0.125000	0.041667
0.375000	0.041667
0.625000	0.041667
0.875000	0.041667
0.111111	0.037037
0.222222	0.037037
0.444444	0.037037
0.555556	0.037037
0.777778	0.037037
0.888889	0.037037
0.100000	0.033333
0.300000	0.033333
0.700000	0.033333
0.900000	0.033333
0.090909	0.030303
0.181818	0.030303
0.272727	0.030303
0.363636	0.030303
0.454545	0.030303
0.545455	0.030303
0.636364	0.030303
0.727273	0.030303
0.818182	0.030303
0.909091	0.030303
0.083333	0.027778
0.416667	0.027778
0.583333	0.027778
0.916667	0.027778
0.076923	0.025641
0.153846	0.025641
0.230769	0.025641
0.307692	0.025641
0.384615	0.025641
0.461538	0.025641
0.538462	0.025641
0.615385	0.025641
0.692308	0.025641
0.769231	0.025641
0.846154	0.025641
0.923077	0.025641
0.071429	0.062500
0.214286	0.062500
0.357143	0.062500
0.642857	0.062500
0.785714	0.062500
0.928571	0.062500
0.066667	0.022222
0.133333	0.022222
0.266667	0.022222
0.466667	0.022222
0.533333	0.022222
0.733333	0.022222
0.866667	0.022222
0.933333	0.022222
0.062500	0.020833
0.187500	0.020833
0.312500	0.020833
0.437500	0.020833
0.562500	0.020833
0.687500	0.020833
0.812500	0.020833
0.937500	0.020833
0.058824	0.019608
0.117647	0.019608
0.176471	0.019608
0.235294	0.019608
0.294118	0.019608
0.352941	0.019608
0.411765	0.019608
0.470588	0.019608
0.529412	0.019608
0.588235	0.019608
0.647059	0.019608
0.705882	0.019608
0.764706	0.019608
0.823529	0.019608
0.882353	0.019608
0.941176	0.019608
0.055556	0.018519
0.277778	0.018519
0.388889	0.018519
0.611111	0.018519
0.722222	0.018519
0.944444	0.018519
0.052632	0.017544
0.105263	0.017544
0.157895	0.017544
0.210526	0.017544
0.263158	0.017544
0.315789	0.017544
0.368421	0.017544
0.421053	0.017544
0.473684	0.017544
0.526316	0.017544
0.578947	0.017544
0.631579	0.017544
0.684211	0.017544
0.736842	0.017544
0.789474	0.017544
0.842105	0.017544
0.894737	0.017544
0.947368	0.017544
0.050000	0.016667
0.150000	0.016667
0.350000	0.016667
0.450000	0.016667
0.550000	0.016667
0.650000	0.016667
0.850000	0.016667
0.950000	0.016667
0.047619	0.041667
0.095238	0.041667
0.190476	0.041667
0.238095	0.041667
0.380952	0.041667
0.476190	0.041667
0.523810	0.041667
0.619048	0.041667
0.761905	0.041667
0.809524	0.041667
0.904762	0.041667
0.952381	0.041667
0.045455	0.015152
0.136364	0.015152
0.227273	0.015152
0.318182	0.015152
0.409091	0.015152
0.590909	0.015152
0.681818	0.015152
0.772727	0.015152
0.863636	0.015152
0.954545	0.015152
0.043478	0.014493
0.086957	0.014493
0.130435	0.014493
0.173913	0.014493
0.217391	0.014493
0.260870	0.014493
0.304348	0.014493
0.347826	0.014493
0.391304	0.014493
0.434783	0.014493
0.478261	0.014493
0.521739	0.014493
0.565217	0.014493
0.608696	0.014493
0.652174	0.014493
0.695652	0.014493
0.739130	0.014493
0.782609	0.014493
0.826087	0.014493
0.869565	0.014493
0.913043	0.014493
0.956522	0.014493
0.041667	0.013889
0.208333	0.013889
0.291667	0.013889
0.458333	0.013889
0.541667	0.013889
0.708333	0.013889
0.791667	0.013889
0.958333	0.013889
0.040000	0.013333
0.080000	0.013333
0.120000	0.013333
0.160000	0.013333
0.240000	0.013333
0.280000	0.013333
0.320000	0.013333
0.360000	0.013333
0.440000	0.013333
0.480000	0.013333
0.520000	0.013333
0.560000	0.013333
0.640000	0.013333
0.680000	0.013333
0.720000	0.013333
0.760000	0.013333
0.840000	0.013333
0.880000	0.013333
0.920000	0.013333
0.960000	0.013333
0.038462	0.012821
0.115385	0.012821
0.192308	0.012821
0.269231	0.012821
0.346154	0.012821
0.423077	0.012821
0.576923	0.012821
0.653846	0.012821
0.730769	0.012821
0.807692	0.012821
0.884615	0.012821
0.961538	0.012821
0.037037	0.012346
0.074074	0.012346
0.148148	0.012346
0.185185	0.012346
0.259259	0.012346
0.296296	0.012346
0.370370	0.012346
0.407407	0.012346
0.481481	0.012346
0.518519	0.012346
0.592593	0.012346
0.629630	0.012346
0.703704	0.012346
0.740741	0.012346
0.814815	0.012346
0.851852	0.012346
0.925926	0.012346
0.962963	0.012346
0.035714	0.031250
0.107143	0.031250
0.178571	0.031250
0.321429	0.031250
0.392857	0.031250
0.464286	0.031250
0.535714	0.031250
0.607143	0.031250
0.678571	0.031250
0.821429	0.031250
0.892857	0.031250
0.964286	0.031250
0.034483	0.011494
0.068966	0.011494
0.103448	0.011494
0.137931	0.011494
0.172414	0.011494
0.206897	0.011494
0.241379	0.011494
0.275862	0.011494
0.310345	0.011494
0.344828	0.011494
0.379310	0.011494
0.413793	0.011494
0.448276	0.011494
0.482759	0.011494
0.517241	0.011494
0.551724	0.011494
0.586207	0.011494
0.620690	0.011494
0.655172	0.011494
0.689655	0.011494
0.724138	0.011494
0.758621	0.011494
0.793103	0.011494
0.827586	0.011494
0.862069	0.011494
0.896552	0.011494
0.931034	0.011494
0.965517	0.011494
0.033333	0.011111
0.233333	0.011111
0.366667	0.011111
0.433333	0.011111
0.566667	0.011111
0.633333	0.011111
0.766667	0.011111
0.966667	0.011111
0.032258	0.010753
0.064516	0.010753
0.096774	0.010753
0.129032	0.010753
0.161290	0.010753
0.193548	0.010753
0.225806	0.010753
0.258065	0.010753
0.290323	0.010753
0.322581	0.010753
0.354839	0.010753
0.387097	0.010753
0.419355	0.010753
0.451613	0.010753
0.483871	0.010753
0.516129	0.010753
0.548387	0.010753
0.580645	0.010753
0.612903	0.010753
0.645161	0.010753
0.677419	0.010753
0.709677	0.010753
0.741935	0.010753
0.774194	0.010753
0.806452	0.010753
0.838710	0.010753
0.870968	0.010753
0.903226	0.010753
0.935484	0.010753
0.967742	0.010753
0.031250	0.010417
0.093750	0.010417
0.156250	0.010417
0.218750	0.010417
0.281250	0.010417
0.343750	0.010417
0.406250	0.010417
0.468750	0.010417
0.531250	0.010417
0.593750	0.010417
0.656250	0.010417
0.718750	0.010417
0.781250	0.010417
0.843750	0.010417
0.906250	0.010417
0.968750	0.010417
0.030303	0.010101
0.060606	0.010101
0.121212	0.010101
0.151515	0.010101
0.212121	0.010101
0.242424	0.010101
0.303030	0.010101
0.393939	0.010101
0.424242	0.010101
0.484848	0.010101
0.515152	0.010101
0.575758	0.010101
0.606061	0.010101
0.696970	0.010101
0.757576	0.010101
0.787879	0.010101
0.848485	0.010101
0.878788	0.010101
0.939394	0.010101
0.969697	0.010101
0.029412	0.009804
0.088235	0.009804
0.147059	0.009804
0.205882	0.009804
0.264706	0.009804
0.323529	0.009804
0.382353	0.009804
0.441176	0.009804
0.558824	0.009804
0.617647	0.009804
0.676471	0.009804
0.735294	0.009804
0.794118	0.009804
0.852941	0.009804
0.911765	0.009804
0.970588	0.009804
0.028571	0.025000
0.057143	0.025000
0.085714	0.025000
0.114286	0.025000
0.171429	0.025000
0.228571	0.025000
0.257143	0.025000
0.314286	0.025000
0.342857	0.025000
0.371429	0.025000
0.457143	0.025000
0.485714	0.025000
0.514286	0.025000
0.542857	0.025000
0.628571	0.025000
0.657143	0.025000
0.685714	0.025000
0.742857	0.025000
0.771429	0.025000
0.828571	0.025000
0.885714	0.025000
0.914286	0.025000
0.942857	0.025000
0.971429	0.025000
0.027778	0.009259
0.138889	0.009259
0.194444	0.009259
0.305556	0.009259
0.361111	0.009259
0.472222	0.009259
0.527778	0.009259
0.638889	0.009259
0.694444	0.009259
0.805556	0.009259
0.861111	0.009259
0.972222	0.009259
0.027027	0.009009
0.054054	0.009009
0.081081	0.009009
0.108108	0.009009
0.135135	0.009009
0.162162	0.009009
0.189189	0.009009
0.216216	0.009009
0.243243	0.009009
0.270270	0.009009
0.297297	0.009009
0.324324	0.009009
0.351351	0.009009
0.378378	0.009009
0.405405	0.009009
0.432432	0.009009
0.459459	0.009009
0.486486	0.009009
0.513514	0.009009
0.540541	0.009009
0.567568	0.009009
0.594595	0.009009
0.621622	0.009009
0.648649	0.009009
0.675676	0.009009
0.702703	0.009009
0.729730	0.009009
0.756757	0.009009
0.783784	0.009009
0.810811	0.009009
0.837838	0.009009
0.864865	0.009009
0.891892	0.009009
0.918919	0.009009
0.945946	0.009009
0.972973	0.009009
0.026316	0.008772
0.078947	0.008772
0.131579	0.008772
0.184211	0.008772
0.236842	0.008772
0.289474	0.008772
0.342105	0.008772
0.394737	0.008772
0.447368	0.008772
0.552632	0.008772
0.605263	0.008772
0.657895	0.008772
0.710526	0.008772
0.763158	0.008772
0.815789	0.008772
0.868421	0.008772
0.921053	0.008772
0.973684	0.008772
0.025641	0.008547
0.051282	0.008547
0.102564	0.008547
0.128205	0.008547
0.179487	0.008547
0.205128	0.008547
0.256410	0.008547
0.282051	0.008547
0.358974	0.008547
0.410256	0.008547
0.435897	0.008547
0.487179	0.008547
0.512821	0.008547
0.564103	0.008547
0.589744	0.008547
0.641026	0.008547
0.717949	0.008547
0.743590	0.008547
0.794872	0.008547
0.820513	0.008547
0.871795	0.008547
0.897436	0.008547
0.948718	0.008547
0.974359	0.008547
0.025000	0.008333
0.075000	0.008333
0.175000	0.008333
0.225000	0.008333
0.275000	0.008333
0.325000	0.008333
0.425000	0.008333
0.475000	0.008333
0.525000	0.008333
0.575000	0.008333
0.675000	0.008333
0.725000	0.008333
0.775000	0.008333
0.825000	0.008333
0.925000	0.008333
0.975000	0.008333
0.024390	0.008130
0.048780	0.008130
0.073171	0.008130
0.097561	0.008130
0.121951	0.008130
0.146341	0.008130
0.170732	0.008130
0.195122	0.008130
0.219512	0.008130
0.243902	0.008130
0.268293	0.008130
0.292683	0.008130
0.317073	0.008130
0.341463	0.008130
0.365854	0.008130
0.390244	0.008130
0.414634	0.008130
0.439024	0.008130
0.463415	0.008130
0.487805	0.008130
0.512195	0.008130
0.536585	0.008130
0.560976	0.008130
0.585366	0.008130
0.609756	0.008130
0.634146	0.008130
0.658537	0.008130
0.682927	0.008130
0.707317	0.008130
0.731707	0.008130
0.756098	0.008130
0.780488	0.008130
0.804878	0.008130
0.829268	0.008130
0.853659	0.008130
0.878049	0.008130
0.902439	0.008130
0.926829	0.008130
0.951220	0.008130
0.975610	0.008130
0.023810	0.020833
0.119048	0.020833
0.261905	0.020833
0.309524	0.020833
0.404762	0.020833
0.452381	0.020833
0.547619	0.020833
0.595238	0.020833
0.690476	0.020833
0.738095	0.020833
0.880952	0.020833
0.976190	0.020833
0.023256	0.007752
0.046512	0.007752
0.069767	0.007752
0.093023	0.007752
0.116279	0.007752
0.139535	0.007752
0.162791	0.007752
0.186047	0.007752
0.209302	0.007752
0.232558	0.007752
0.255814	0.007752
0.279070	0.007752
0.302326	0.007752
0.325581	0.007752
0.348837	0.007752
0.372093	0.007752
0.395349	0.007752
0.418605	0.007752
0.441860	0.007752
0.465116	0.007752
0.488372	0.007752
0.511628	0.007752
0.534884	0.007752
0.558140	0.007752
0.581395	0.007752
0.604651	0.007752
0.627907	0.007752
0.651163	0.007752
0.674419	0.007752
0.697674	0.007752
0.720930	0.007752
0.744186	0.007752
0.767442	0.007752
0.790698	0.007752
0.813953	0.007752
0.837209	0.007752
0.860465	0.007752
0.883721	0.007752
0.906977	0.007752
0.930233	0.007752
0.953488	0.007752
0.976744	0.007752
0.022727	0.007576
0.068182	0.007576
0.113636	0.007576
0.159091	0.007576
0.204545	0.007576
0.295455	0.007576
0.340909	0.007576
0.386364	0.007576
0.431818	0.007576
0.477273	0.007576
0.522727	0.007576
0.568182	0.007576
0.613636	0.007576
0.659091	0.007576
0.704545	0.007576
0.795455	0.007576
0.840909	0.007576
0.886364	0.007576
0.931818	0.007576
0.977273	0.007576
0.022222	0.007407
0.044444	0.007407
0.088889	0.007407
0.155556	0.007407
0.177778	0.007407
0.244444	0.007407
0.288889	0.007407
0.311111	0.007407
0.355556	0.007407
0.377778	0.007407
0.422222	0.007407
0.488889	0.007407
0.511111	0.007407
0.577778	0.007407
0.622222	0.007407
0.644444	0.007407
0.688889	0.007407
0.711111	0.007407
0.755556	0.007407
0.822222	0.007407
0.844444	0.007407
0.911111	0.007407
0.955556	0.007407
0.977778	0.007407
0.021739	0.007246
0.065217	0.007246
0.108696	0.007246
0.152174	0.007246
0.195652	0.007246
0.239130	0.007246
0.282609	0.007246
0.326087	0.007246
0.369565	0.007246
0.413043	0.007246
0.456522	0.007246
0.543478	0.007246
0.586957	0.007246
0.630435	0.007246
0.673913	0.007246
0.717391	0.007246
0.760870	0.007246
0.804348	0.007246
0.847826	0.007246
0.891304	0.007246
0.934783	0.007246
0.978261	0.007246
0.021277	0.007092
0.042553	0.007092
0.063830	0.007092
0.085106	0.007092
0.106383	0.007092
0.127660	0.007092
0.148936	0.007092
0.170213	0.007092
0.191489	0.007092
0.212766	0.007092
0.234043	0.007092
0.255319	0.007092
0.276596	0.007092
0.297872	0.007092
0.319149	0.007092
0.340426	0.007092
0.361702	0.007092
0.382979	0.007092
0.404255	0.007092
0.425532	0.007092
0.446809	0.007092
0.468085	0.007092
0.489362	0.007092
0.510638	0.007092
0.531915	0.007092
0.553191	0.007092
0.574468	0.007092
0.595745	0.007092
0.617021	0.007092
0.638298	0.007092
0.659574	0.007092
0.680851	0.007092
0.702128	0.007092
0.723404	0.007092
0.744681	0.007092
0.765957	0.007092
0.787234	0.007092
0.808511	0.007092
0.829787	0.007092
0.851064	0.007092
0.872340	0.007092
0.893617	0.007092
0.914894	0.007092
0.936170	0.007092
0.957447	0.007092
0.978723	0.007092
0.020833	0.006944
0.104167	0.006944
0.145833	0.006944
0.229167	0.006944
0.270833	0.006944
0.354167	0.006944
0.395833	0.006944
0.479167	0.006944
0.520833	0.006944
0.604167	0.006944
0.645833	0.006944
0.729167	0.006944
0.770833	0.006944
0.854167	0.006944
0.895833	0.006944
0.979167	0.006944
0.020408	0.017857
0.040816	0.017857
0.061224	0.017857
0.081633	0.017857
0.102041	0.017857
0.122449	0.017857
0.163265	0.017857
0.183673	0.017857
0.204082	0.017857
0.224490	0.017857
0.244898	0.017857
0.265306	0.017857
0.306122	0.017857
0.326531	0.017857
0.346939	0.017857
0.367347	0.017857
0.387755	0.017857
0.408163	0.017857
0.448980	0.017857
0.469388	0.017857
0.489796	0.017857
0.510204	0.017857
0.530612	0.017857
0.551020	0.017857
0.591837	0.017857
0.612245	0.017857
0.632653	0.017857
0.653061	0.017857
0.673469	0.017857
0.693878	0.017857
0.734694	0.017857
0.755102	0.017857
0.775510	0.017857
0.795918	0.017857
0.816327	0.017857
0.836735	0.017857
0.877551	0.017857
0.897959	0.017857
0.918367	0.017857
0.938776	0.017857
0.959184	0.017857
0.979592	0.017857
